@lequipe: france 1755 4988824 171362 46.227638 2.213749 402
@AlejandroSanz: spain 1561 18943577 28367 0 0 10964
@paulpogba: france 15 4637335 589 0 0 23
@3gerardpique: spain 557 17635898 2522 41.3850639 2.1734035 114
@AntoGriezmann: france 3 4937030 2528 40.4167754 -3.7037902 1541
@FCBarcelona_es: spain 70 12985126 93393 41.3850639 2.1734035 8
@davidguetta: france 270 22161733 4179 0 0 2088
@realmadrid: spain 53 28787525 60349 40.4167754 -3.7037902 5
@TF1: france 827 5189385 46158 48.8396952 2.2399123 851
@andresiniesta8: spain 75 21215179 1653 41.3850639 2.1734035 10
@SergioRamos: spain 727 13821766 3486 40.4167754 -3.7037902 38
@realmadriden: spain 52 9444361 34802 40.4167754 -3.7037902 112
@MonsieurDream: france 561 8125757 13656 48.856614 2.3522219 6
@D_DeGea: spain 192 10221391 1862 0 0 367
@RafaelNadal: spain 91 15231327 2592 39.5697165 3.2095318 44
@Carles5puyol: spain 371 10853984 2155 42.2477193 0.9675846999999999 209
@MPokora: france 529 6143582 19910 48.856614 2.3522219 930
@lafouine78: france 2421 4585427 19978 48.7788742 2.0036815 4
@Pontifex_es: spain 8 15890816 1421 41.902916 12.453389 0
@NormanDesVideos: france 906 7134675 5382 48.856614 2.3522219 3673
@enriqueiglesias: spain 2812 14287949 5349 25.7616798 -80.1917902 504
@PSG_inside: france 103 6087688 46610 48.8414356 2.2530487 104
@DebbouzeJamel: france 495 7406375 5339 0 0 4763
@raphaelvarane: france 87 4431489 1083 0 0 34
@Cyrilhanouna: france 4638 5989589 7507 48.856614 2.3522219 15
@xSqueeZie: france 413 4927022 15939 48.856614 2.3522219 1267
@davidbisbal: spain 756 10004021 16508 36.834047 -2.4637136 16706
@MisterVonline: france 602 4568803 13415 45.188529 5.724524 1521
@kevadamsss: france 762 6239202 11820 42.15393419999999 -85.47277439999999 2864
@lemondefr: france 514 7736746 253608 48.856614 2.3522219 854
@Benzema: france 64 7782455 1499 0 0 156
@naosejatrouxa: france 152251 4510835 52353 0 0 84
@muyinteresante: spain 586 8366948 134019 40.46366700000001 -3.74922 3682
@Rubiu5: spain 663 10794815 23355 40.4242397 -3.6877558 0
@FCBarcelona: spain 71 27229043 92561 41.3850639 2.1734035 1015
@cesc4official: spain 158 9735360 3464 51.5073509 -0.1277583 112
@XabiAlonso: spain 527 11679278 590 0 0 643
@gadelmaleh: france 1114 7873628 5208 0 0 2598
@Guaje7Villa: spain 640 8657450 2122 0 0 3358
@IkerCasillas: spain 1732 7890863 3071 0 0 7349
